200 799
114 115
120 152
58 116
140 151
31 148
141 161
186 190
32 43
124 128
119 152
160 189
10 99
179 192
67 88
130 165
33 197
103 196
150 151
42 121
103 104
68 85
169 192
84 194
35 166
46 59
41 126
0 134
0 185
7 19
159 160
75 76
155 168
72 162
60 130
197 198
62 63
11 25
6 86
145 146
14 76
166 190
164 165
46 171
165 187
188 194
72 150
43 44
10 11
25 138
67 77
141 156
49 50
108 179
186 187
128 129
44 186
192 194
141 142
29 128
195 199
130 131
176 197
39 109
166 172
49 152
81 82
84 120
178 183
148 172
95 96
117 186
62 100
192 195
51 169
161 162
180 181
136 137
67 118
137 151
70 71
97 159
160 161
14 15
102 103
157 158
122 123
67 68
48 124
60 61
2 3
187 196
84 130
78 125
108 123
48 110
63 64
184 189
31 128
31 39
53 141
150 168
86 166
104 129
168 196
40 102
152 157
188 189
65 66
146 171
55 70
163 199
126 127
25 160
48 181
106 168
180 183
144 178
79 80
78 109
83 84
39 40
194 195
130 191
23 99
41 42
153 156
119 175
151 152
40 157
60 134
69 148
90 190
178 179
194 196
58 64
82 142
43 180
64 124
164 192
57 108
17 147
11 12
42 198
177 187
172 173
116 158
51 52
71 72
142 158
22 103
169 190
126 168
189 190
11 198
21 85
1 92
140 141
0 105
130 141
130 182
152 153
15 119
0 100
87 102
100 101
195 196
166 176
56 140
157 192
181 199
66 67
171 187
24 49
188 197
169 170
10 169
158 173
145 151
27 91
14 90
116 126
104 105
197 199
172 193
109 110
23 84
56 160
188 191
129 143
163 196
18 34
73 130
98 99
138 188
177 190
80 114
110 119
112 179
141 190
90 91
125 126
124 125
0 73
150 178
46 118
35 36
74 75
140 194
9 10
62 181
108 109
190 199
139 140
86 90
23 144
29 30
30 173
84 88
155 163
30 31
161 198
135 168
20 21
75 182
29 133
12 179
45 178
25 44
70 183
78 163
28 68
129 169
176 183
21 83
45 46
178 196
150 188
137 185
184 186
151 173
58 67
80 132
49 98
37 44
24 25
92 93
136 164
6 28
171 192
50 144
190 198
101 184
17 18
168 182
111 156
69 70
97 132
147 148
145 185
1 20
19 20
90 145
72 73
171 175
118 119
187 188
88 131
19 171
117 136
113 192
118 134
165 166
1 196
19 93
168 187
139 164
105 106
19 60
2 177
58 82
49 157
9 104
169 197
165 175
92 115
52 53
5 156
141 187
166 167
18 166
6 175
14 27
151 179
61 62
44 45
5 153
189 197
3 111
58 133
0 1
59 165
39 101
160 174
175 176
28 121
67 176
67 109
120 158
126 178
55 56
58 59
120 149
63 115
146 147
165 197
45 151
188 199
179 182
91 139
32 33
93 94
182 183
147 178
73 100
25 26
124 144
110 185
149 185
3 4
188 190
25 123
77 156
144 164
147 191
138 139
61 129
83 111
111 124
113 114
80 81
166 184
177 185
66 154
166 169
184 185
71 142
143 199
40 41
166 195
29 57
170 197
27 176
31 32
63 121
170 174
37 148
29 46
153 154
158 163
193 199
170 183
65 77
131 132
71 187
41 136
62 184
67 103
162 194
125 197
161 165
185 186
141 197
102 188
173 174
149 194
8 16
89 118
118 150
45 194
60 102
33 34
11 93
190 191
163 181
77 79
103 119
64 147
125 139
20 141
11 74
69 198
38 153
89 142
76 187
25 75
99 198
39 135
33 180
188 192
28 29
120 154
150 165
36 37
83 185
8 68
80 96
124 153
94 131
87 188
162 186
89 90
179 183
71 118
5 6
149 177
177 178
115 192
138 168
46 47
119 120
3 27
128 196
21 146
104 188
47 48
116 117
9 126
19 196
94 95
72 138
81 178
32 161
113 170
34 35
148 196
52 120
101 102
105 194
102 110
181 195
12 13
105 112
49 148
97 138
48 179
143 156
185 190
23 186
23 24
31 108
62 85
101 118
99 100
110 129
127 128
60 103
177 182
174 188
87 88
171 172
35 144
146 165
196 198
100 176
23 79
59 60
132 133
64 187
176 186
148 149
149 150
17 89
155 156
155 188
142 143
60 132
85 126
98 183
66 164
20 128
195 197
84 85
6 52
138 170
50 51
191 194
86 87
3 145
68 105
97 133
163 171
92 121
116 170
158 162
134 135
196 199
183 184
53 117
78 151
155 194
136 138
114 117
40 153
170 181
191 198
162 163
135 136
173 191
110 111
97 98
144 145
158 180
106 114
183 197
156 157
109 181
20 162
181 186
154 156
184 191
8 93
58 76
152 182
22 23
132 157
160 184
19 133
40 55
104 184
129 130
139 185
2 31
31 151
184 196
79 150
129 163
96 97
129 192
191 192
112 156
176 192
1 2
97 102
111 112
89 172
38 39
73 128
16 103
26 50
141 160
76 135
153 174
181 187
32 154
182 192
57 93
126 131
168 171
52 160
78 79
37 136
125 128
165 172
145 161
40 162
49 105
57 58
38 77
6 196
175 183
172 179
54 193
127 165
80 199
16 123
87 123
62 89
59 189
168 184
191 197
105 191
63 131
17 80
69 181
170 184
86 184
123 124
156 163
118 125
192 193
178 188
181 183
47 65
187 197
144 158
10 102
75 105
120 121
159 196
26 30
149 175
193 197
183 190
108 137
6 7
115 149
139 145
162 192
152 189
91 92
172 190
137 168
44 190
48 49
73 74
30 80
104 167
161 177
97 110
70 143
115 131
170 187
163 164
172 182
148 187
34 102
77 129
112 123
17 88
116 118
85 86
75 131
76 77
54 145
173 197
82 83
196 197
178 194
41 160
91 136
18 19
121 122
135 180
147 160
73 164
18 150
128 151
116 187
41 121
154 171
175 195
111 134
160 180
147 150
138 141
35 74
107 108
179 180
149 180
110 157
102 165
160 192
138 144
67 184
13 14
126 163
80 136
174 175
169 173
140 169
133 134
192 199
194 199
105 165
141 150
120 182
29 96
108 144
121 192
4 5
77 78
54 55
40 149
16 17
169 182
99 143
27 28
26 27
6 30
184 187
171 180
124 155
166 171
113 135
21 22
99 153
186 192
143 144
171 193
154 155
137 181
140 147
7 8
68 151
176 177
154 169
17 154
39 95
32 103
64 65
120 187
169 181
20 80
140 149
33 123
106 107
83 135
186 199
15 16
38 178
92 172
181 182
42 162
52 121
163 195
2 120
112 113
193 194
90 117
70 133
96 147
168 169
143 182
64 78
0 78
115 116
180 193
144 187
180 187
54 135
158 159
139 154
107 140
98 147
85 127
129 164
184 199
56 171
56 57
104 147
126 138
123 151
37 38
27 180
179 194
52 133
155 197
172 180
167 168
68 109
42 43
155 196
170 171
89 129
30 175
54 182
42 140
110 152
195 198
121 131
117 118
129 184
104 116
32 192
8 9
159 180
171 184
34 153
4 196
160 171
138 192
5 165
88 89
198 199
85 184
11 181
71 188
76 173
174 192
137 166
47 61
68 69
115 172
57 87
53 54
59 158
137 138
39 59
138 142